POSE 1

Joints:
[1.3783758878707886, -1.7762428722777308, 1.3978546301471155, -1.1838005644134064, -1.5224302450763147, -0.5920723120318812]

TCP Pose:
[0.09470161886378871, -0.2551628595945924, 0.24131086665236468, -0.609471925177477, 3.0330423777072, -0.013105074877449661]


POSE 2


Joints:
[1.6712133884429932, -1.2957454782775422, 0.749176327382223, -0.9832638067058106, -1.6453097502337855, -0.38528520265688115]

TCP Pose:
[0.14576148308440443, -0.31174832163332805, 0.2669523609262495, 0.7371470893056633, -2.9804031375473685, -0.08216980688211588]


POSE 3

Joints:
[1.6063896417617798, -1.3120049101165314, 0.6583522001849573, -0.7425170105746766, -1.5838473478900355, -0.3364222685443323]

TCP Pose:
[0.13749922239920118, -0.27190711136693724, 0.27816103523306224, -0.5746447025323967, 3.0652483649919824, 0.27669455365908235]

POSE 4

Joints:
[1.6064246892929077, -1.3025978368571778, 0.6583569685565394, -0.7481513780406495, -1.6410430113421839, -0.33654529253114873]

TCP Pose:
[0.12461105674297658, -0.2749513201715634, 0.27635228459460176, 0.5759912434654648, -3.0283794178787695, -0.2926495413341927]


POSE 5

Joints:
[1.5806760787963867, -1.3025258642486115, 0.6583645979510706, -0.903638021355011, -1.6683924833880823, -0.33653384843935186]

TCP Pose:
[0.11166018944647442, -0.31456518802707084, 0.2864862437044714, 0.5230878171567859, -3.0006800616276585, -0.06254463172026377]


POSE 6

Joints:
[0.9164397716522217, -1.0310309690288086, -0.06117412447929382, -0.1326802533916016, -1.334444824849264, -0.8337720076190394]

TCP Pose:
[0.006790130417088994, -0.2939495477471522, 0.31286711561052327, -0.18508561360569062, 2.7289064009379387, 0.13732334526653295]


POSE 7

Joints:
[0.8837506771087646, -0.8542297643474122, -0.060349464416503906, -0.11559660852465825, -1.3700407187091272, -1.1404507795916956]

TCP Pose:
[-0.0213852732147745, -0.3042529901045884, 0.26926678402380566, -0.5080608293733794, 2.5364361687857726, 0.2376511008348807]

POSE 8

Joints:
[1.5399765968322754, -0.766082302933075, -0.06372356414794922, -0.4891011279872437, -1.6248496214496058, -0.51581317583193]

TCP Pose:
[0.10796945061165923, -0.34933968473386257, 0.23664809872538062, -0.753158621966864, 3.009981216304536, 0.4058394763773469]


POSE 9

Joints:
[1.923065185546875, -0.8125705879977723, -0.06372356414794922, -0.5338046115687867, -1.9568308035479944, -1.5310042540179651]

TCP Pose:
[0.16500498382649417, -0.31693524802351986, 0.27092620566290465, 2.3399116196633982, -1.6504782686539459, -0.5091239761270866]


POSE 10

Joints:
[1.9233999252319336, -0.8858564657023926, -0.0640154480934143, -0.5799434942058106, -1.842593018208639, -3.113969628010885]

TCP Pose:
[0.18768644266446885, -0.30821331390560736, 0.2915719515657366, 3.0592633376010085, 0.5076025702053992, -0.43572431546513946]

POSE 11

Joints:
[1.6819967031478882, -2.09912170986318, 1.3590977827655237, -1.2898829740336915, -1.7115419546710413, -3.2513211409198206]

TCP Pose:
[0.12125763688932499, -0.1985184525799905, 0.34184803105049094, 2.6675956165766483, 0.24730181696208867, -0.18888740840354276]

POSE 12

Joints:
[2.407407522201538, -1.8663860760130824, 1.6772573629962366, -1.6144587002196253, -2.339403216038839, -2.3989456335650843]

TCP Pose:
[0.17368435151303985, -0.19377837489216532, 0.2852745159222726, 2.4006415231095954, -0.005111064299438367, -0.48634050093316383]


POSE 13

Joints:
[3.361239433288574, -3.072214742700094, 1.394024674092428, -0.5167525571635743, -2.457843605672018, -1.806786839162008]

TCP Pose:
[-0.10054275191966378, -0.06906051132112029, 0.3134376856226686, 2.185663555426482, 0.16173120985163147, 0.6861970775138782]


POSE 14

Joints:
[4.360610008239746, -2.061024328271383, -0.40563535690307617, -2.4517022571959437, -4.21387750307192, -1.8061254660235804]

TCP Pose:
[-0.13244803912217223, -0.2957888181412722, 0.28796398874987794, -1.7310878848383389, 2.0558697270620776, -0.47392159715838017]


POSE 15

Joints:
[5.106520652770996, -1.9323445759215296, -0.38503798842430115, -2.2667442760863246, -4.616919581090109, -3.242288414631979]

TCP Pose:
[0.030278959605861203, -0.3593543181798093, 0.3228951559630393, 2.932383230851502, 0.746402513153545, 0.17388771945602294]

POSE 16

Joints:
[5.332720756530762, -1.8057409725584925, -1.107023000717163, -1.7609096966185511, -4.718930904065267, -2.9101505915271204]

TCP Pose:
[0.09916283041191074, -0.3681514282950608, 0.2133685517315658, 3.048633069734713, 0.5948509911082757, 0.016939749545283354]

POSE 17

Joints:
[5.514870643615723, -1.6869756184019984, -1.1068438291549683, -1.8511644802489222, -4.688569490109579, -4.300527516995565]

TCP Pose:
[0.147943340997393, -0.3191848123842811, 0.2455447574094235, 1.7125582758485332, 2.550864776449423, 0.02169361377501951]


POSE 18

Joints:
[4.410869121551514, -1.4811568421176453, -1.6157164573669434, -1.605805059472555, -3.932620350514547, -5.249942604695455]

TCP Pose:
[-0.05584883635439218, -0.27370210274902246, 0.24351400937519652, 1.4751645161163787, 1.8752485703887554, 0.3419610056733308]


POSE 19

Joints:
[3.7755632400512695, -1.0725165170482178, -1.9438931941986084, -1.9329115353026332, -3.812063995991842, -5.250343147908346]

TCP Pose:
[-0.08883114911350777, -0.12340623478666456, 0.23566028216286133, 1.9291258085590641, 1.1253367594060606, 0.31866834891047224]

POSE 20

Joints:
[2.6232128143310547, -1.4132538598826905, 1.3260157744037073, -1.2326792043498536, -2.377493445073263, -1.712127987538473]

TCP Pose:
[0.23867374623502552, -0.17469066378659728, 0.2374286933636156, 2.3650763227375, -0.3247846034372067, -0.6183164877056749]

